-2.089317404103570368e+02
-1.724099860821058599e+02
-1.721328590508444734e+02
-1.720109812781705330e+02
-1.718758103199732545e+02
-1.717073840683315780e+02
-1.716738917296617615e+02
-1.713077667332942440e+02
-1.709753775152961737e+02
-1.708133771154909368e+02
-1.707249563576077378e+02
-1.706112834969565313e+02
-1.704894969519237975e+02
-1.703832385215433760e+02
-1.702901367192623638e+02
-1.702841936245983163e+02
-1.701990653652873391e+02
-1.700889930123980776e+02
-1.700133235934022480e+02
-1.699462839505197564e+02
-1.698949404817716982e+02
-1.698108890727127402e+02
-1.694393169646752710e+02
-1.693734050014374475e+02
-1.691719211837676369e+02
-1.691062273805255813e+02
-1.690578622912208857e+02
-1.689714591068121479e+02
-1.689075641305243209e+02
-1.688586312302039119e+02
-1.688345687532393242e+02
-1.687851530629393437e+02
-1.687284886381325464e+02
-1.686551375295977664e+02
-1.686279817480123029e+02
-1.685570859902629195e+02
-1.685418946145407801e+02
-1.684890706280304755e+02
-1.684485919863923868e+02
-1.684232013292167380e+02
-1.683877875684877381e+02
-1.683536115826330501e+02
-1.683129951643456650e+02
-1.682828654579452348e+02
-1.682545512583308494e+02
-1.682108180911372131e+02
-1.681754941549554303e+02
-1.681582158591846223e+02
-1.681143012282862799e+02
-1.680868482830749997e+02
-1.680588513978332799e+02
-1.680243358970250824e+02
-1.679919519277821678e+02
-1.679635062114212189e+02
-1.679391994232725835e+02
-1.679011774285872889e+02
-1.678770884929037948e+02
-1.678486322321332977e+02
-1.678213343698648146e+02
-1.677940408490065067e+02
-1.677643956020830274e+02
-1.677376207044796956e+02
-1.677123329260530227e+02
-1.676822476566308353e+02
-1.676600748945575106e+02
-1.676336451057635202e+02
-1.675969221309521799e+02
-1.675772944213455560e+02
-1.675458365741889679e+02
-1.675266886582224970e+02
-1.674962292654755061e+02
-1.674704214836248184e+02
-1.674357136139099964e+02
-1.674106183272743635e+02
-1.673894945796321281e+02
-1.673604090206834201e+02
-1.673350775141061888e+02
-1.673119769608007914e+02
-1.672835031013686375e+02
-1.672566856637299963e+02
-1.672373574407015155e+02
-1.672121427324655372e+02
-1.671860500588594221e+02
-1.671584799850182605e+02
-1.671383114797062319e+02
-1.671129097213604950e+02
-1.670861269134975373e+02
-1.670653229255547387e+02
-1.670379086002214706e+02
-1.670133505493271571e+02
-1.669918794668280100e+02
-1.669680173607571589e+02
-1.669452834914689561e+02
-1.669215013525436575e+02
-1.668974744008463063e+02
-1.668748868353074215e+02
-1.668498971104870918e+02
-1.668259247180630496e+02
-1.668027438243271376e+02
-1.667779077768109062e+02
-1.667573850655848275e+02
-1.667345661777861210e+02
-1.667102425118312112e+02
-1.666884131792048436e+02
-1.666651792368848248e+02
-1.666414617146627393e+02
-1.666189540890348155e+02
-1.665971127215218530e+02
-1.665746323191153806e+02
-1.665518503771678240e+02
-1.665287419704746696e+02
-1.665060539635316275e+02
-1.664848050706382026e+02
-1.664633266189508163e+02
-1.664363934112511174e+02
-1.664166050873449194e+02
-1.663958872567349658e+02
-1.663725395517559775e+02
-1.663511349190347062e+02
-1.663289128501482139e+02
-1.663078462773326009e+02
-1.662852865126689039e+02
-1.662621223166425750e+02
-1.662421817293478057e+02
-1.662195703779216274e+02
-1.661973834862163528e+02
-1.661760667264090330e+02
-1.661537239098947509e+02
-1.661320392728444233e+02
-1.661107413708345462e+02
-1.660905687337179870e+02
-1.660691289646615871e+02
-1.660468121502916006e+02
-1.660265843627324216e+02
-1.660052089830378179e+02
-1.659835116257942218e+02
-1.659625047995600369e+02
-1.659410951018273863e+02
-1.659201232378061093e+02
-1.658990598749071523e+02
-1.658788540258268540e+02
-1.658571892703047297e+02
-1.658370418639856894e+02
-1.658153841668933808e+02
-1.657955399459581827e+02
-1.657736620196822628e+02
-1.657534570760977317e+02
-1.657322934950801141e+02
-1.657115687533865582e+02
-1.656910374142138096e+02
-1.656706068670492016e+02
-1.656498181191627168e+02
-1.656292329675817996e+02
-1.656090760790544891e+02
-1.655883581111231422e+02
-1.655677959887072745e+02
-1.655475578288250631e+02
-1.655270362381843370e+02
-1.655071306971065610e+02
-1.654865166649515231e+02
-1.654659687919506723e+02
-1.654457796339575850e+02
-1.654259235423413656e+02
-1.575672587135539686e+02
-1.553876546060271835e+02
-1.543673083422447121e+02
-1.536939101636803571e+02
-1.531903003193406789e+02
-1.527877570817026367e+02
-1.524523382772051718e+02
-1.521647677870213045e+02
-1.519130407099087279e+02
-1.516891715511370364e+02
-1.514875787364661619e+02
-1.513042071302173213e+02
-1.511360176517608807e+02
-1.509806738427752180e+02
-1.508363406968854292e+02
-1.507015506885835237e+02
-1.505751117624205619e+02
-1.504560424291052811e+02
-1.503435249178091055e+02
-1.502368706734123975e+02
-1.501354944896749259e+02
-1.500388948076801512e+02
-1.499466384943152661e+02
-1.498583489379506943e+02
-1.497736966220690817e+02
-1.496923915835546950e+02
-1.496141773258452758e+02
-1.495388258587109931e+02
-1.494661336243615608e+02
-1.493959181260617868e+02
-1.493280151192399217e+02
-1.492622762554434246e+02
-1.491985670948625966e+02
-1.491367654199646609e+02
-1.490767597960206103e+02
-1.490184483406480638e+02
-1.489617376627218164e+02
-1.489065419416038196e+02
-1.488527821312885351e+02
-1.488003852654538832e+02
-1.487492838432528686e+02
-1.486994153081666923e+02
-1.486507215761548366e+02
-1.486031486094385627e+02
-1.485566460536370244e+02
-1.485111669103211796e+02
-1.484666672451646434e+02
-1.484231059271464517e+02
-1.483804443949148606e+02
-1.483386464470363819e+02
-1.482976780531457450e+02
-1.482575071836834866e+02
-1.482181036559740051e+02
-1.481794389948324806e+02
-1.481414863060725224e+02
-1.481042201615464649e+02
-1.480676164932926895e+02
-1.480316524998436876e+02
-1.479963065600576613e+02
-1.479615581499012080e+02
-1.479273877688432606e+02
-1.478937768762370695e+02
-1.478607078296136308e+02
-1.478281638240670759e+02
-1.477961288416202308e+02
-1.477645876027947054e+02
-1.477335255218755492e+02
-1.477029286654691589e+02
-1.476727837141494035e+02
-1.476430779268652884e+02
-1.476137991078935841e+02
-1.475849355761197899e+02
-1.475564761364515789e+02
-1.475284100531915215e+02
-1.475007270252076808e+02
-1.474734171627610806e+02
-1.474464709658563208e+02
-1.474198793039994939e+02
-1.473936333972526995e+02
-1.473677247984883536e+02
-1.473421453767523985e+02
-1.473168873016546172e+02
-1.472919430281203574e+02
-1.472673052837956220e+02
-1.472429670541714017e+02
-1.472189215729474938e+02
-1.471951623114420897e+02
-1.471716829636408761e+02
-1.471484774362240842e+02
-1.471255398428762078e+02
-1.471028644939197818e+02
-1.470804458855107271e+02
-1.470582786928031851e+02
-1.470363577622667890e+02
-1.470146781043853252e+02
-1.469932348867642133e+02
-1.469720234275857536e+02
-1.469510391894041561e+02
-1.469302777732569609e+02
-1.469097349130736632e+02
-1.468894064703648041e+02
-1.468692884291731104e+02
-1.468493768912726694e+02
-1.468296680716008780e+02
-1.468101582939086427e+02
-1.467908439866267827e+02
-1.467717216789090742e+02
-1.467527879968783679e+02
-1.467340396600375527e+02
-1.467154734778473539e+02
-1.466970863464592014e+02
-1.466788752419556090e+02
-1.466608372306506851e+02
-1.466429694482401658e+02
-1.466252691077984309e+02
-1.466077334948136581e+02
-1.465903599646952387e+02
-1.465731459403876329e+02
-1.465560889100855491e+02
-1.465391864250449601e+02
-1.465224360974852971e+02
-1.465058355985787557e+02
-1.464893826565218546e+02
-1.464730750546850402e+02
-1.464569106298378074e+02
-1.464408872704439943e+02
-1.464250029150254022e+02
-1.464092555505892506e+02
-1.463936432085785668e+02
-1.463781639571603534e+02
-1.463628159350699889e+02
-1.463475973073078649e+02
-1.463325062817930018e+02
-1.463175411066844163e+02
-1.463027000691900525e+02
-1.462879814944155328e+02
-1.462733837442546871e+02
-1.462589052163198744e+02
-1.462445443429117233e+02
-1.462302995900251972e+02
-1.462161694563915262e+02
-1.462021524725541894e+02
-1.461882472006420528e+02
-1.461744522325911078e+02
-1.461607661593631633e+02
-1.461471876375324541e+02
-1.461337153652295626e+02
-1.461203480460882247e+02
-1.461070844098879888e+02
-1.460939232118580549e+02
-1.460808632320038214e+02
-1.460679032744563983e+02
-1.460550421668429237e+02
-1.460422787596768330e+02
-1.460296119257720875e+02
-1.460170405596682599e+02
-1.460045635770817967e+02
-1.459921799143708938e+02
-1.459798885280181366e+02
-1.459676883941296524e+02
-1.459555785079493262e+02
-1.459435578833887917e+02
-1.459316255525714325e+02
-1.459197805653906812e+02
-1.459080219890815044e+02
-1.458963489078053613e+02
-1.458847604222470693e+02
-1.458732556492242338e+02
-1.458618337213081873e+02
-1.458504935022844506e+02
-1.458392324208497257e+02
-1.458280493316083835e+02
-1.458169433926777856e+02
-1.458059137023146548e+02
-1.457949595374188618e+02
-1.457840800695390158e+02
-1.457732745129848979e+02
-1.457625420923845070e+02
-1.457518820436443434e+02
-1.457412936142326600e+02
-1.457307760630586415e+02
-1.457203286602816661e+02
-1.457099506870958976e+02
-1.456996414355080276e+02
-1.456894002065168650e+02
-1.456792262802595133e+02
-1.456691190015698112e+02
-1.456590777167443491e+02
-1.456491017683939901e+02
-1.456391905086792917e+02
-1.456293432990747192e+02
-1.456195595101706886e+02
-1.456098385214838800e+02
-1.456001797212734346e+02
-1.455905825063624093e+02
-1.455810462819644613e+02
-1.455715704615147956e+02
-1.455621544665057172e+02
-1.455527977263263040e+02
-1.455434996781060875e+02
-1.455342597642821545e+02
-1.455250774394871769e+02
-1.455159521629703079e+02
-1.455068834013361254e+02
-1.454978706282041685e+02
-1.454889133240744457e+02
-1.454800109761959277e+02
-1.454711630784383658e+02
-1.454623691311670086e+02
-1.454536286411203889e+02
-1.454449411212912651e+02
-1.454363060908097225e+02
-1.454277230736825004e+02
-1.454191916013762693e+02
-1.454107112114999723e+02
-1.454022814466230500e+02
-1.453939018549095294e+02
-1.453855719900167571e+02
-1.453772914273291121e+02
-1.453690599536274703e+02
-1.453608771971729539e+02
-1.453527427582264124e+02
-1.453446562204383667e+02
-1.453366171724041749e+02
-1.453286252075767777e+02
-1.453206799234625350e+02
-1.453127809241232171e+02
-1.453049278166075737e+02
-1.452971202129618291e+02
-1.452893577296802050e+02
-1.452816399876283810e+02
-1.452739666119685182e+02
-1.452663372320857604e+02
-1.452587514717308466e+02
-1.452512089137416638e+02
-1.452437092592736860e+02
-1.452362521590262645e+02
-1.452288372624156523e+02
-1.452214642226603871e+02
-1.452141326967185648e+02
-1.452068423452266188e+02
-1.451995928324386114e+02
-1.451923838261674007e+02
-1.451852149977267743e+02
-1.451780860218746909e+02
-1.451709965767578581e+02
-1.451639463423432801e+02
-1.451569350034937145e+02
-1.451499622758280736e+02
-1.451430279409212005e+02
-1.451361316932815555e+02
-1.451292732305338404e+02
-1.451224522256118519e+02
-1.451156684098505139e+02
-1.451089214896229578e+02
-1.451022111742826439e+02
-1.450955371759998229e+02
-1.450888992097172547e+02
-1.450822969931071498e+02
-1.450757302465288205e+02
-1.450691986929866175e+02
-1.450627020580894850e+02
-1.450562400700106878e+02
-1.450498124594483613e+02
-1.450434189595871999e+02
-1.450370593060602573e+02
-1.450307332369118569e+02
-1.450244404925610979e+02
-1.450181808157660157e+02
-1.450119539515883105e+02
-1.450057596473589001e+02
-1.449995976526440415e+02
-1.449934677192118784e+02
-1.449873696009998696e+02
-1.449813030540826162e+02
-1.449752678366404552e+02
-1.449692637089283949e+02
-1.449632904332457599e+02
-1.449573477739063208e+02
-1.449514354972090757e+02
-1.449455533714092894e+02
-1.449397011666903836e+02
-1.449338786551360556e+02
-1.449280856081067270e+02
-1.449223219319414113e+02
-1.449165874506702494e+02
-1.449108819426661512e+02
-1.449052051568309025e+02
-1.448995569101842023e+02
-1.448939369869902407e+02
-1.448883451736392374e+02
-1.448827812581626233e+02
-1.448772450302091670e+02
-1.448717362810214127e+02
-1.448662548034129998e+02
-1.448608003917455846e+02
-1.448553728419069841e+02
-1.448499719512891488e+02
-1.448445975187667045e+02
-1.448392493446759488e+02
-1.448339272307939609e+02
-1.448286309803183087e+02
-1.448233603978470967e+02
-1.448181152893590991e+02
-1.448128954621946889e+02
-1.448077007250365682e+02
-1.448025308878913506e+02
-1.447973857620710589e+02
-1.447922651601749919e+02
-1.447871688960725294e+02
-1.447820967848850842e+02
-1.447770486429695325e+02
-1.447720242879011607e+02
-1.447670235384573516e+02
-1.447620462146012699e+02
-1.447570921374660315e+02
-1.447521611293391857e+02
-1.447472530136471676e+02
-1.447423676149404344e+02
-1.447375047588787709e+02
-1.447326642722164820e+02
-1.447278459827884376e+02
-1.447230497194960037e+02
-1.447182753122934571e+02
-1.447135225921742290e+02
-1.447087913911580301e+02
-1.447040815422777769e+02
-1.446993928795668580e+02
-1.446947252380467717e+02
-1.446900784537147899e+02
-1.446854523635321641e+02
-1.446808468054121875e+02
-1.446762616182088266e+02
-1.446716966417053811e+02
-1.446671517166035414e+02
-1.446626266845123610e+02
-1.446581213879378254e+02
-1.446536356681244797e+02
-1.446491693700376118e+02
-1.446447223402724376e+02
-1.446402944248212350e+02
-1.446358854705231920e+02
-1.446314953250553970e+02
-1.446271238369236016e+02
-1.446227708554533535e+02
-1.446184362307811853e+02
-1.446141198138461732e+02
-1.446098214563816953e+02
-1.446055410109070181e+02
-1.446012783307198504e+02
-1.445970332698880156e+02
-1.445928056832424318e+02
-1.445885954263693236e+02
-1.445844023556033164e+02
-1.445802263280203306e+02
-1.445760672014306749e+02
-1.445719248343726520e+02
-1.445677990861057367e+02
-1.445636898166045512e+02
-1.445595968707069972e+02
-1.445555201248140804e+02
-1.445514594418404783e+02
-1.445474146845611756e+02
-1.445433857164370011e+02
-1.445393724016094552e+02
-1.445353746048955088e+02
-1.445313921917828566e+02
-1.445274250284248865e+02
-1.445234729816363313e+02
-1.445195359188886357e+02
-1.445156137083056649e+02
-1.445117062186596115e+02
-1.445078133193668748e+02
-1.445039348804843655e+02
-1.445000707727055840e+02
-1.444962208673571809e+02
-1.444923850363955182e+02
-1.444885631524033158e+02
-1.444847550885864393e+02
-1.444809607187710299e+02
-1.444771799174005764e+02
-1.444734125595331022e+02
-1.444696585208385216e+02
-1.444659176775962806e+02
-1.444621899066928563e+02
-1.444584750856196251e+02
-1.444547730924706457e+02
-1.444510838059407547e+02
-1.444474071053236628e+02
-1.444437428705102491e+02
-1.444400909819868275e+02
-1.444364513208336689e+02
-1.444328237687236935e+02
-1.444292082079210502e+02
-1.444256045212799506e+02
-1.444220125922437603e+02
-1.444184323048437477e+02
-1.444148635436985444e+02
-1.444113061940130081e+02
-1.444077601415779952e+02
-1.444042252727694802e+02
-1.444007014745481570e+02
-1.443971886344591553e+02
-1.443936866406318416e+02
-1.443901953817792787e+02
-1.443867147471986243e+02
-1.443832446267707894e+02
-1.443797849109606091e+02
-1.443763354908170413e+02
-1.443728962579734230e+02
-1.443694671007592660e+02
-1.443660479160112970e+02
-1.443626385969741932e+02
-1.443592390376228991e+02
-1.443558491325190687e+02
-1.443524687768119463e+02
-1.443490978619658165e+02
-1.443457362881688084e+02
-1.443423839527118844e+02
-1.443390407531019548e+02
-1.443357065874381249e+02
-1.443323813544124334e+02
-1.443290649533113879e+02
-1.443257572840167029e+02
-1.443224582470069493e+02
-1.443191677433585767e+02
-1.443158856747475340e+02
-1.443126119434502357e+02
-1.443093464523454657e+02
-1.443060891049155998e+02
-1.443028398052480838e+02
-1.442995984515755765e+02
-1.442963649489221893e+02
-1.442931392097441119e+02
-1.442899211405563449e+02
-1.442867106484834210e+02
-1.442835076241373997e+02
-1.442803119912512955e+02
-1.442771236605663887e+02
-1.442739425416661163e+02
-1.442707685447516042e+02
-1.442676015806444525e+02
-1.442644415607884127e+02
-1.442612883972516897e+02
-1.442581420027287891e+02
-1.442550022905425351e+02
-1.442518691746459183e+02
-1.442487425696240564e+02
-1.442456223906963544e+02
-1.442425085537180962e+02
-1.442394009700957724e+02
-1.442362995626896236e+02
-1.442332042486154080e+02
-1.442301149462918772e+02
-1.442270315747836662e+02
-1.442239540538032259e+02
-1.442208823037127843e+02
-1.442178162455261941e+02
-1.442147558009107797e+02
-1.442117008921891568e+02
-1.442086514423411643e+02
-1.442056073652283885e+02
-1.442025685955945562e+02
-1.441995350575848818e+02
-1.441965066768175916e+02
-1.441934833795744453e+02
-1.441904650928023273e+02
-1.441874517441149806e+02
-1.441844432617944847e+02
-1.441814395747930178e+02
-1.441784406127341640e+02
-1.441754463057032751e+02
-1.441724565830434130e+02
-1.441694713766578388e+02
-1.441664906209363153e+02
-1.441635142483846153e+02
-1.441605421926850568e+02
-1.441575743882007146e+02
-1.441546107699766424e+02
-1.441516512737410096e+02
-1.441486958359061248e+02
-1.441457443935694300e+02
-1.441427968845145244e+02
-1.441398532472119314e+02
-1.441369134208198375e+02
-1.441339773451850306e+02
-1.441310449608434681e+02
-1.441281162090208454e+02
-1.441251910316332498e+02
-1.441222693684479736e+02
-1.441193511625911299e+02
-1.441164363643885622e+02
-1.441135249152409585e+02
-1.441106167605170754e+02
-1.441077118462750377e+02
-1.441048101192625950e+02
-1.441019115269168083e+02
-1.440990160173643346e+02
-1.440961235394210007e+02
-1.440932340425915470e+02
-1.440903474732981238e+02
-1.440874637830886513e+02
-1.440845829265900875e+02
-1.440817048560549551e+02
-1.440788295244202573e+02
-1.440759568853066241e+02
-1.440730868930171766e+02
-1.440702195025365029e+02
-1.440673546695298342e+02
-1.440644923503418795e+02
-1.440616325019958026e+02
-1.440587750821918576e+02
-1.440559200468067900e+02
-1.440530673577718517e+02
-1.440502169744320611e+02
-1.440473688571826756e+02
-1.440445229670887102e+02
-1.440416792658832605e+02
-1.440388377159656272e+02
-1.440359982803995251e+02
-1.440331609229109802e+02
-1.440303256078863683e+02
-1.440274923003701133e+02
-1.440246609660625268e+02
-1.440218315713173638e+02
-1.440190040831397482e+02
-1.440161784576548314e+02
-1.440133546769871487e+02
-1.440105327078335904e+02
-1.440077125197330759e+02
-1.440048940816032825e+02
-1.440020773640033838e+02
-1.439992623399373883e+02
-1.439964489814900901e+02
-1.439936372613675815e+02
-1.439908271528937860e+02
-1.439880186300071330e+02
-1.439852116672570617e+02
-1.439824062398006106e+02
-1.439796028639576946e+02
-1.439768047445527657e+02
-1.439740122894556293e+02
-1.439712253838681306e+02
-1.439684439139585095e+02
-1.439656677668739917e+02
-1.439628968269275617e+02
-1.439601309870685668e+02
-1.439573701374315249e+02
-1.439546141692001413e+02
-1.439518629745961391e+02
-1.439491164468905424e+02
-1.439463744804145051e+02
-1.439436369687587103e+02
-1.439409038103833609e+02
-1.439381749026950672e+02
-1.439354501443690140e+02
-1.439327294351907938e+02
-1.439300126760656724e+02
-1.439272997690275133e+02
-1.439245906172474463e+02
-1.439218851250420244e+02
-1.439191831953601763e+02
-1.439164847359754731e+02
-1.439137896560031606e+02
-1.439110978644177123e+02
-1.439084092713756036e+02
-1.439057237882219908e+02
-1.439030413274964815e+02
-1.439003618029394431e+02
-1.438976851294972050e+02
-1.438950112233274297e+02
-1.438923400018039445e+02
-1.438896713835213177e+02
-1.438870052877724675e+02
-1.438843416354895055e+02
-1.438816803495956549e+02
-1.438790213536078397e+02
-1.438763645722819433e+02
-1.438737099316153092e+02
-1.438710573532358978e+02
-1.438684067661893664e+02
-1.438657581051275827e+02
-1.438631113010281695e+02
-1.438604662861233408e+02
-1.438578229938954678e+02
-1.438551813590776760e+02
-1.438525413176535324e+02
-1.438499028068569885e+02
-1.438472657651718407e+02
-1.438446301323309058e+02
-1.438419958493148272e+02
-1.438393628583504835e+02
-1.438367311029093969e+02
-1.438341005277055444e+02
-1.438314710786929993e+02
-1.438288427026792249e+02
-1.438262153478832204e+02
-1.438235889645603152e+02
-1.438209635035952090e+02
-1.438183389138116297e+02
-1.438157151490075307e+02
-1.438130921664878485e+02
-1.438104699220025395e+02
-1.438078483725077206e+02
-1.438052274761597857e+02
-1.438026071923098925e+02
-1.437999874814978227e+02
-1.437973683054460139e+02
-1.437947496270532781e+02
-1.437921314103881514e+02
-1.437895136206822144e+02
-1.437868962243229021e+02
-1.437842791888463694e+02
-1.437816624829300736e+02
-1.437790460763848444e+02
-1.437764299401470396e+02
-1.437738140462704450e+02
-1.437711983679177763e+02
-1.437685828793522660e+02
-1.437659675559287393e+02
-1.437633523740846044e+02
-1.437607373109377136e+02
-1.437581223450961829e+02
-1.437555074539349960e+02
-1.437528926186202511e+02
-1.437502778229427349e+02
-1.437476630496344683e+02
-1.437450482824410187e+02
-1.437424334992774959e+02
-1.437398186928116104e+02
-1.437372038496117739e+02
-1.437345889573724094e+02
-1.437319740047473147e+02
-1.437293589813387200e+02
-1.437267438776861184e+02
-1.437241286852548114e+02
-1.437215133964246832e+02
-1.437188980044785751e+02
-1.437162825035906337e+02
-1.437136668888146005e+02
-1.437110511560719601e+02
-1.437084353021399750e+02
-1.437058193246397195e+02
-1.437032032220240581e+02
-1.437005869935653095e+02
-1.436979706393431968e+02
-1.436953541602324833e+02
-1.436927375578906094e+02
-1.436901208347454428e+02
-1.436875039939826593e+02
-1.436848870384928887e+02
-1.436822699729539465e+02
-1.436796528037545215e+02
-1.436770355369868071e+02
-1.436744181794382200e+02
-1.436718007385789235e+02
-1.436691832225491225e+02
-1.436665656401463878e+02
-1.436639480008131784e+02
-1.436613303146241662e+02
-1.436587125922735595e+02
-1.436560948450626825e+02
-1.436534770848872142e+02
-1.436508593242247969e+02
-1.436482415761223876e+02
-1.436456238541839241e+02
-1.436430061725576479e+02
-1.436403885459238268e+02
-1.436377709762140000e+02
-1.436351534926804732e+02
-1.436325361111518930e+02
-1.436299188483110356e+02
-1.436273017213116248e+02
-1.436246847477657411e+02
-1.436220679457315441e+02
-1.436194513337012495e+02
-1.436168349305891070e+02
-1.436142187557197474e+02
-1.436116028288162170e+02
-1.436089871699883531e+02
-1.436063717997211882e+02
-1.436037567385093894e+02
-1.436011420076247020e+02
-1.435985276254248220e+02
-1.435959136326439705e+02
-1.435933000494323153e+02
-1.435906868986901372e+02
-1.435880742036119955e+02
-1.435854619876753873e+02
-1.435828502746301751e+02
-1.435802390884873319e+02
-1.435776284535081970e+02
-1.435750183941938189e+02
-1.435724089352742965e+02
-1.435698001016982062e+02
-1.435671919186223704e+02
-1.435645844114014835e+02
-1.435619776055779653e+02
-1.435593715268718995e+02
-1.435567662011710865e+02
-1.435541616545214936e+02
-1.435515579131171933e+02
-1.435489550032909847e+02
-1.435463529515049572e+02
-1.435437517843412820e+02
-1.435411515284927191e+02
-1.435385522107538918e+02
-1.435359538580121921e+02
-1.435333564972389127e+02
-1.435307601761095952e+02
-1.435281650268484839e+02
-1.435255711274776615e+02
-1.435229785111212095e+02
-1.435203872055640204e+02
-1.435177972293912205e+02
-1.435152086092878108e+02
-1.435126213726148876e+02
-1.435100355473702507e+02
-1.435074511617718827e+02
-1.435048682441612868e+02
-1.435022868229446260e+02
-1.434997069265531024e+02
-1.434971285834141099e+02
-1.434945518207509849e+02
-1.434919766636861880e+02
-1.434894031722400314e+02
-1.434868313771128783e+02
-1.434842613066748527e+02
-1.434816929891849497e+02
-1.434791264527586065e+02
-1.434765617253598862e+02
-1.434739988347936333e+02
-1.434714378086976581e+02
-1.434688786745355173e+02
-1.434663214595894658e+02
-1.434637661909539190e+02
-1.434612128955293429e+02
-1.434586616000160859e+02
-1.434561123309091784e+02
-1.434535651127569622e+02
-1.434510199733128388e+02
-1.434484769384702645e+02
-1.434459360338516660e+02
-1.434433972848497092e+02
-1.434408607166233196e+02
-1.434383263540935047e+02
-1.434357942219395170e+02
-1.434332643445952158e+02
-1.434307367462454863e+02
-1.434282114508230563e+02
-1.434256884820050288e+02
-1.434231678616861814e+02
-1.434206496134069369e+02
-1.434181337611818492e+02
-1.434156203276366170e+02
-1.434131093351275013e+02
-1.434106008057389943e+02
-1.434080947608089787e+02
-1.434055912384897624e+02
-1.434030902604329754e+02
-1.434005918440646212e+02
-1.433980960101696382e+02
-1.433956027793109342e+02
-1.433931121717621124e+02
-1.433906242061971739e+02
-1.433881389036096721e+02
-1.433856562834118051e+02
-1.433831763647096409e+02
-1.433806991663157078e+02
-1.433782247067483411e+02
-1.433757530042314556e+02
-1.433732840766940910e+02
-1.433708179386322854e+02
-1.433683545968869737e+02
-1.433658940859514246e+02
-1.433634364240820673e+02
-1.433609816279419817e+02
-1.433585297139164538e+02
-1.433560806981130327e+02
-1.433536345963613030e+02
-1.433511914242135390e+02
-1.433487511969450452e+02
-1.433463139295544693e+02
-1.433438796367647114e+02
-1.433414483330233509e+02
-1.433390200325036119e+02
-1.433365947466574255e+02
-1.433341728201575904e+02
-1.433317543095248823e+02
-1.433293389148827259e+02
-1.433269266506198676e+02
-1.433245175330428083e+02
-1.433221115906370358e+02
-1.433197088375729891e+02
-1.433173092877818533e+02
-1.433149129549498184e+02
-1.433125198525190456e+02
-1.433101299936882640e+02
-1.433077433914139647e+02
-1.433053600584112246e+02
-1.433029800071545026e+02
-1.433006032498788045e+02
-1.432982297985806497e+02
-1.432958596650189236e+02
-1.432934928607160998e+02
-1.432911293969591213e+02
-1.432887692848006225e+02
-1.432864125350598385e+02
-1.432840591583238563e+02
-1.432817091649484667e+02
-1.432793625650596709e+02
-1.432770193685544200e+02
-1.432746795851019783e+02
-1.432723432241449473e+02
-1.432700102949004588e+02
-1.432676808063613692e+02
-1.432653547672973104e+02
-1.432630321862560265e+02
-1.432607130715643962e+02
-1.432583974313296267e+02
-1.432560852734404762e+02
-1.432537766055685040e+02
-1.432514725058681222e+02
-1.432491730404568386e+02
-1.432468771657923412e+02
-1.432445848892818105e+02
-1.432422962143427583e+02
-1.432400111686632727e+02
-1.432377297662615661e+02
-1.432354520140884802e+02
-1.432331779188610597e+02
-1.432309074870630070e+02
-1.432286407249454214e+02
-1.432263776385273104e+02
-1.432241182335965277e+02
-1.432218625157101997e+02
-1.432196104901954072e+02
-1.432173621621500672e+02
-1.432151175364433300e+02
-1.432128766177164607e+02
-1.432106394103834930e+02
-1.432084059186317972e+02
-1.432061761464230187e+02
-1.432039500974935038e+02
-1.432017277753552094e+02
-1.431995091832963283e+02
-1.431972943243819429e+02
-1.431950832014550201e+02
-1.431928758171367519e+02
-1.431906721738275508e+02
-1.431884722737077027e+02
-1.431862761187381921e+02
-1.431840837106613264e+02
-1.431818950510015327e+02
-1.431797101410662094e+02
-1.431775289819464376e+02
-1.431753515745176912e+02
-1.431731779194407181e+02
-1.431710080171623645e+02
-1.431688418679161998e+02
-1.431666794717236257e+02
-1.431645208283943305e+02
-1.431623659375273974e+02
-1.431602147985120723e+02
-1.431580674105285027e+02
-1.431559237725487606e+02
-1.431537838833375531e+02
-1.431516477414532744e+02
-1.431495153452487443e+02
-1.431473866928721463e+02
-1.431452617822679372e+02
-1.431431406111778699e+02
-1.431410231771417898e+02
-1.431389094774986290e+02
-1.431367995093874015e+02
-1.431346932697481407e+02
-1.431325907544340623e+02
-1.431304919597483547e+02
-1.431283968831648110e+02
-1.431263055208370645e+02
-1.431242178687246565e+02
-1.431221339225939460e+02
-1.431200536780194170e+02
-1.431179771303846451e+02
-1.431159042748832917e+02
-1.431138351065204688e+02
-1.431117696201137335e+02
-1.431097078102942248e+02
-1.431076496715079145e+02
-1.431055951980167151e+02
-1.431035443838997594e+02
-1.431014972230545652e+02
-1.430994537091984000e+02
-1.430974138358693324e+02
-1.430953775964276815e+02
-1.430933449840572678e+02
-1.430913159917666917e+02
-1.430892906123907835e+02
-1.430872688354232878e+02
-1.430852506550605199e+02
-1.430832360639105048e+02
-1.430812250541309254e+02
-1.430792176177124588e+02
-1.430772137464799130e+02
-1.430752134320938183e+02
-1.430732166660519908e+02
-1.430712234396909821e+02
-1.430692337441877839e+02
-1.430672475705611646e+02
-1.430652649096734876e+02
-1.430632857522321899e+02
-1.430613100887914868e+02
-1.430593379097539923e+02
-1.430573692053724528e+02
-1.430554039657513954e+02
-1.430534421808487195e+02
-1.430514838404778573e+02
-1.430495289343089098e+02
-1.430475774518710352e+02
-1.430456293825538410e+02
-1.430436847156093734e+02
-1.430417434401539936e+02
-1.430398055451700827e+02
-1.430378710195079464e+02
-1.430359398518880312e+02
-1.430340120309023177e+02
-1.430320875450166795e+02
-1.430301663825726450e+02
-1.430282485317894725e+02
-1.430263339807659690e+02
-1.430244227174828211e+02
-1.430225147298042145e+02
-1.430206100054802789e+02
-1.430187085321488496e+02
-1.430168102973377131e+02
-1.430149152884666819e+02
-1.430130234928497259e+02
-1.430111348976969623e+02
-1.430092494901170994e+02
-1.430073672571192276e+02
-1.430054881856152917e+02
-1.430036122624222230e+02
-1.430017394742640136e+02
-1.429998698077741324e+02
-1.429980032494976001e+02
-1.429961397858933196e+02
-1.429942794033363782e+02
-1.429924220881202643e+02
-1.429905678264591415e+02
-1.429887166030773074e+02
-1.429868684036845821e+02
-1.429850232160320047e+02
-1.429831810260391194e+02
-1.429813418195577128e+02
-1.429795055823739176e+02
-1.429776722989645918e+02
-1.429758419562831477e+02
-1.429740145398555740e+02
-1.429721900352288344e+02
-1.429703684278958065e+02
-1.429685497032976400e+02
-1.429667338468262017e+02
-1.429649208438263486e+02
-1.429631106795985431e+02
-1.429613033394011268e+02
-1.429594988084527074e+02
-1.429576970719348026e+02
-1.429558981149940848e+02
-1.429541019227448260e+02
-1.429523084802714266e+02
-1.429505177726308318e+02
-1.429487297891823800e+02
-1.429469445297948198e+02
-1.429451619799640696e+02
-1.429433821253179815e+02
-1.429416049495824268e+02
-1.429398304349983846e+02
-1.429380585680657987e+02
-1.429362893345659131e+02
-1.429345227202829562e+02
-1.429327587110054480e+02
-1.429309972925281613e+02
-1.429292384506540827e+02
-1.429274821711963739e+02
-1.429257284399805883e+02
-1.429239772428468314e+02
-1.429222285656517784e+02
-1.429204823942709481e+02
-1.429187387146008064e+02
-1.429169975125879830e+02
-1.429152587740122726e+02
-1.429135224849823089e+02
-1.429117886314987800e+02
-1.429100571995938651e+02
-1.429083281753331960e+02
-1.429066015448181588e+02
-1.429048772941878553e+02
-1.429031554096212346e+02
-1.429014358773391677e+02
-1.428997186836065509e+02
-1.428980038136266160e+02
-1.428962912594651868e+02
-1.428945810102133009e+02
-1.428928730516794587e+02
-1.428911673697029130e+02
-1.428894639501556298e+02
-1.428877627789439373e+02
-1.428860638420106852e+02
-1.428843671253369507e+02
-1.428826726149440844e+02
-1.428809802961656032e+02
-1.428792901555046626e+02
-1.428776021769382396e+02
-1.428759163493161566e+02
-1.428742326587428693e+02
-1.428725510915191705e+02
-1.428708716339986609e+02
-1.428691942725899082e+02
-1.428675189937580683e+02
-1.428658457840268170e+02
-1.428641746299800559e+02
-1.428625055182638732e+02
-1.428608384355881640e+02
-1.428591733687285910e+02
-1.428575103045281764e+02
-1.428558492298992064e+02
-1.428541901318248506e+02
-1.428525329973610667e+02
-1.428508778130714916e+02
-1.428492245648563141e+02
-1.428475732270893559e+02
-1.428459237840507399e+02
-1.428442762226217724e+02
-1.428426305297620331e+02
-1.428409866925110236e+02
-1.428393446979898727e+02
-1.428377045334029845e+02
-1.428360661860395169e+02
-1.428344296432752003e+02
-1.428327948925736450e+02
-1.428311619186378323e+02
-1.428295307033888548e+02
-1.428279012340319696e+02
-1.428262734978757464e+02
-1.428246474823107235e+02
-1.428230231748133008e+02
-1.428214005629486110e+02
-1.428197796343720540e+02
-1.428181603768307752e+02
-1.428165427781649441e+02
-1.428149268263085787e+02
-1.428133125086877726e+02
-1.428116998141157978e+02
-1.428100887307290350e+02
-1.428084792468481510e+02
-1.428068713508929193e+02
-1.428052650313830441e+02
-1.428036602769394108e+02
-1.428020570762847683e+02
-1.428004554182450363e+02
-1.427988552917502147e+02
-1.427972566858352934e+02
-1.427956595896413319e+02
-1.427940639924162554e+02
-1.427924698835161337e+02
-1.427908772540573352e+02
-1.427892861121914621e+02
-1.427876964459230749e+02
-1.427861082453287906e+02
-1.427845215005815760e+02
-1.427829362013661125e+02
-1.427813523387551413e+02
-1.427797699031271748e+02
-1.427781888850767302e+02
-1.427766092753068961e+02
-1.427750310646300704e+02
-1.427734542439687004e+02
-1.427718788043558220e+02
-1.427703047369355716e+02
-1.427687320329636691e+02
-1.427671606838090383e+02
-1.427655906809577573e+02
-1.427640220160141382e+02
-1.427624546807008983e+02
-1.427608886660177916e+02
-1.427593239652131842e+02
-1.427577605703082781e+02
-1.427561984734727218e+02
-1.427546376669914707e+02
-1.427530781432647586e+02
-1.427515198948080979e+02
-1.427499629137572583e+02
-1.427484071935308236e+02
-1.427468527268118805e+02
-1.427452995065768562e+02
-1.427437475259172288e+02
-1.427421967780394141e+02
-1.427406472562645661e+02
-1.427390989540285773e+02
-1.427375518648817945e+02
-1.427360059821386642e+02
-1.427344613063617373e+02
-1.427329178342513103e+02
-1.427313755599316494e+02
-1.427298344776358761e+02
-1.427282945817053985e+02
-1.427267558665900538e+02
-1.427252183268474539e+02
-1.427236819571427588e+02
-1.427221467522483636e+02
-1.427206127070437276e+02
-1.427190798165146646e+02
-1.427175480757533421e+02
-1.427160174793972658e+02
-1.427144880234676805e+02
-1.427129597032140964e+02
-1.427114325141498057e+02
-1.427099064518926639e+02
-1.427083815100984339e+02
-1.427068576688064070e+02
-1.427053349204741437e+02
-1.427038132608496710e+02
-1.427022926857939638e+02
-1.427007731912757151e+02
-1.426992547733701429e+02
-1.426977374282579945e+02
-1.426962211522253483e+02
-1.426947059416632158e+02
-1.426931917930672000e+02
-1.426916787030371836e+02
-1.426901666682771008e+02
-1.426886556855946822e+02
-1.426871457519010278e+02
-1.426856368642105508e+02
-1.426841290194868463e+02
-1.426826222149251464e+02
-1.426811164480248522e+02
-1.426796117162097346e+02
-1.426781080164548428e+02
-1.426766053453753784e+02
-1.426751037011038932e+02
-1.426736030816386744e+02
-1.426721034850838237e+02
-1.426706049096485174e+02
-1.426691073536467229e+02
-1.426676108154965732e+02
-1.426661152937199120e+02
-1.426646207869420380e+02
-1.426631272938907671e+02
-1.426616348133963754e+02
-1.426601433443908320e+02
-1.426586528859074861e+02
-1.426571634370802997e+02
-1.426556749971435352e+02
-1.426541875654311866e+02
-1.426527011413764399e+02
-1.426512157245110757e+02
-1.426497313144649581e+02
-1.426482479109654662e+02
-1.426467655138369537e+02
-1.426452841230722015e+02
-1.426438037387028430e+02
-1.426423243603489368e+02
-1.426408459968438365e+02
-1.426393686520588915e+02
-1.426378923265434935e+02
-1.426364170209406552e+02
-1.426349427334921245e+02
-1.426334694648512880e+02
-1.426319972157099585e+02
-1.426305259869021711e+02
-1.426290557793498408e+02
-1.426275865940620520e+02
-1.426261184321343478e+02
-1.426246512947484746e+02
-1.426231851831713300e+02
-1.426217200987545368e+02
-1.426202560429336756e+02
-1.426187930172275458e+02
-1.426173310232375968e+02
-1.426158700626469908e+02
-1.426144101372200907e+02
-1.426129512488015507e+02
-1.426114933993156910e+02
-1.426100365907655032e+02
-1.426085808252322522e+02
-1.426071261048743395e+02
-1.426056724319267346e+02
-1.426042198086999235e+02
-1.426027682377434758e+02
-1.426013177211985408e+02
-1.425998682617603208e+02
-1.425984198620352572e+02
-1.425969725247012434e+02
-1.425955262525067440e+02
-1.425940810482698566e+02
-1.425926369148775166e+02
-1.425911938552844731e+02
-1.425897518725124655e+02
-1.425883109696493989e+02
-1.425868711498481787e+02
-1.425854324163260003e+02
-1.425839947723632406e+02
-1.425825582213025200e+02
-1.425811227665479066e+02
-1.425796884115636374e+02
-1.425782551598733789e+02
-1.425768230125119373e+02
-1.425753919804704140e+02
-1.425739620669817498e+02
-1.425725332757317290e+02
-1.425711056104563283e+02
-1.425696790749396996e+02
-1.425682536730124639e+02
-1.425668294085506602e+02
-1.425654062854742676e+02
-1.425639843077459830e+02
-1.425625634793699703e+02
-1.425611438043907242e+02
-1.425597252868915916e+02
-1.425583079309938910e+02
-1.425568917405040850e+02
-1.425554767203677500e+02
-1.425540628740986335e+02
-1.425526502060517089e+02
-1.425512387204585423e+02
-1.425498284216857883e+02
-1.425484193141315643e+02
-1.425470114022238590e+02
-1.425456046904193670e+02
-1.425441991832023234e+02
-1.425427948850829125e+02
-1.425413918005964149e+02
-1.425399899343014454e+02
-1.425385892907790435e+02
-1.425371898746312240e+02
-1.425357916904795843e+02
-1.425343947429641673e+02
-1.425329990367419271e+02
-1.425316045764856767e+02
-1.425302113668825257e+02
-1.425288194126326573e+02
-1.425274287184481352e+02
-1.425260392890512264e+02
-1.425246511291733782e+02
-1.425232642435537969e+02
-1.425218786369380837e+02
-1.425204943140768137e+02
-1.425191112797243989e+02
-1.425177295382462148e+02
-1.425163490933738046e+02
-1.425149699512528230e+02
-1.425135921492696411e+02
-1.425122157048588178e+02
-1.425108405928645823e+02
-1.425094668195959855e+02
-1.425080943903680861e+02
-1.425067233105925197e+02
-1.425053535856450821e+02
-1.425039852208782918e+02
-1.425026182216263919e+02
-1.425012525932078802e+02
-1.424998883404979892e+02
-1.424985254682569575e+02
-1.424971640226689544e+02
-1.424958040219521820e+02
-1.424944454319569047e+02
-1.424930882578109674e+02
-1.424917325046590975e+02
-1.424903781776534117e+02
-1.424890252819474199e+02
-1.424876738226905957e+02
-1.424863238050237157e+02
-1.424849752340751934e+02
-1.424836281149572699e+02
-1.424822824527631440e+02
-1.424809382525644708e+02
-1.424795955194086332e+02
-1.424782542580501570e+02
-1.424769144732858024e+02
-1.424755761705359873e+02
-1.424742393547325605e+02
-1.424729040307738899e+02
-1.424715702035229867e+02
-1.424702378778061984e+02
-1.424689070584117019e+02
-1.424675777500879690e+02
-1.424662499575426580e+02
-1.424649236854409935e+02
-1.424635989384045160e+02
-1.424622757210099451e+02
-1.424609540373259335e+02
-1.424596338920886467e+02
-1.424583152896333047e+02
-1.424569982342792969e+02
-1.424556827302927502e+02
-1.424543687818857620e+02
-1.424530563925043225e+02
-1.424517456198667844e+02
-1.424504364788619455e+02
-1.424491289233563691e+02
-1.424478229575348678e+02
-1.424465185855208063e+02
-1.424452158116678220e+02
-1.424439146400689253e+02
-1.424426150742676214e+02
-1.424413171181290636e+02
-1.424400207754510745e+02
-1.424387260499632362e+02
-1.424374329453258383e+02
-1.424361414651287134e+02
-1.424348516128357005e+02
-1.424335634980737098e+02
-1.424322771300776651e+02
-1.424309924161458412e+02
-1.424297093597555772e+02
-1.424284279643054560e+02
-1.424271482331147638e+02
-1.424258701694232059e+02
-1.424245937763902816e+02
-1.424233190570946874e+02
-1.424220460145337199e+02
-1.424207746516225654e+02
-1.424195049711935610e+02
-1.424182369759955407e+02
-1.424169706676018734e+02
-1.424157060483283317e+02
-1.424144431202414012e+02
-1.424131818857491680e+02
-1.424119223475501599e+02
-1.424106644791472434e+02
-1.424094082811623991e+02
-1.424081537838659983e+02
-1.424069009892028532e+02
-1.424056498990284183e+02
-1.424044005151085344e+02
-1.424031528391186896e+02
-1.424019068726436785e+02
-1.424006626171772893e+02
-1.423994200741215650e+02
-1.423981792447868884e+02
-1.423969401303910729e+02
-1.423957027320596467e+02
-1.423944670508248578e+02
-1.423932330876259869e+02
-1.423920008433086934e+02
-1.423907703186250160e+02
-1.423895415142329455e+02
-1.423883144306964823e+02
-1.423870890684852668e+02
-1.423858654279744655e+02
-1.423846435094447997e+02
-1.423834233130822895e+02
-1.423822048389783106e+02
-1.423809880871294240e+02
-1.423797730574374327e+02
-1.423785597497094386e+02
-1.423773481636578708e+02
-1.423761382989002584e+02
-1.423749301549597988e+02
-1.423737237312650166e+02
-1.423725190271501333e+02
-1.423713160411746514e+02
-1.423701147724636940e+02
-1.423689152207729762e+02
-1.423677173847687811e+02
-1.423665213250186525e+02
-1.423653269815640670e+02
-1.423641343531713517e+02
-1.423629434385259458e+02
-1.423617542362224810e+02
-1.423605667447651228e+02
-1.423593809625678830e+02
-1.423581968879550459e+02
-1.423570145191613960e+02
-1.423558338543328432e+02
-1.423546548915266214e+02
-1.423534776287118859e+02
-1.423523020637701961e+02
-1.423511281944959705e+02
-1.423499560185969131e+02
-1.423487855336946382e+02
-1.423476167373252110e+02
-1.423464496269397443e+02
-1.423452841999048246e+02
-1.423441204535032796e+02
-1.423429583849348035e+02
-1.423417979913164402e+02
-1.423406392696833507e+02
-1.423394822169895804e+02
-1.423383268301084854e+02
-1.423371731058336707e+02
-1.423360210408795865e+02
-1.423348706318824100e+02
-1.423337218754006699e+02
-1.423325747679159008e+02
-1.423314293058337512e+02
-1.423302854854846089e+02
-1.423291433031242832e+02
-1.423280027549350848e+02
-1.423268638370264796e+02
-1.423257265454360549e+02
-1.423245908761302871e+02
-1.423234568250055645e+02
-1.423223243878889264e+02
-1.423211935605391147e+02
-1.423200643386473416e+02
-1.423189367178383691e+02
-1.423178106936712766e+02
-1.423166862616407116e+02
-1.423155634171774579e+02
-1.423144421556497150e+02
-1.423133224723639501e+02
-1.423122043625658932e+02
-1.423110878214416744e+02
-1.423099728441185619e+02
-1.423088594245966192e+02
-1.423077475578051860e+02
-1.423066372385058855e+02
-1.423055284615726919e+02
-1.423044212218264590e+02
-1.423033155140361998e+02
-1.423022113329200806e+02
-1.423011086731463877e+02
-1.423000075293348914e+02
-1.422989078960576137e+02
-1.422978097678401070e+02
-1.422967131391623639e+02
-1.422956180044601808e+02
-1.422945243581259263e+02
-1.422934321945099896e+02
-1.422923415079215772e+02
-1.422912522926299630e+02
-1.422901645428656536e+02
-1.422890782528213265e+02
-1.422879934166531370e+02
-1.422869100284815147e+02
-1.422858280823927544e+02
-1.422847472531053370e+02
-1.422836678474053258e+02
-1.422825898592560634e+02
-1.422815132825981550e+02
-1.422804381113447505e+02
-1.422793643393829939e+02
-1.422782919605753875e+02
-1.422772209687607869e+02
-1.422761513577555093e+02
-1.422750831213544984e+02
-1.422740162533326043e+02
-1.422729507474453783e+02
-1.422718865974304094e+02
-1.422708237970082337e+02
-1.422697623398837266e+02
-1.422687022197468139e+02
-1.422676434302738073e+02
-1.422665859651283427e+02
-1.422655298179625731e+02
-1.422644749824181076e+02
-1.422634214521271190e+02
-1.422623692207133388e+02
-1.422613182817932227e+02
-1.422602686289768030e+02
-1.422592202558687688e+02
-1.422581731560696028e+02
-1.422571273231764337e+02
-1.422560827507840884e+02
-1.422550394324860008e+02
-1.422539973618753208e+02
-1.422529565325458520e+02
-1.422519169380928190e+02
-1.422508785721141464e+02
-1.422498414282110843e+02
-1.422488054999892881e+02
-1.422477707810597281e+02
-1.422467372650395134e+02
-1.422457049455528875e+02
-1.422446738162319946e+02
-1.422436438707178752e+02
-1.422426151026613184e+02
-1.422415875057234018e+02
-1.422405610735768562e+02
-1.422395357999064061e+02
-1.422385116784099068e+02
-1.422374887027988564e+02
-1.422364668667994749e+02
-1.422354461641532168e+02
-1.422344265886176800e+02
-1.422334081339674015e+02
-1.422323907939942842e+02
-1.422313745623389423e+02
-1.422303594358909891e+02
-1.422293454085115059e+02
-1.422283324740269848e+02
-1.422273206262830456e+02
-1.422263098591449193e+02
-1.422253001672808637e+02
-1.422242915494200304e+02
-1.422232839994792641e+02
-1.422222775114724413e+02
-1.422212720794342147e+02
-1.422202676974203825e+02
-1.422192643595083439e+02
-1.422182620597973539e+02
-1.422172607924090073e+02
-1.422162605514876361e+02
-1.422152613312007077e+02
-1.422142631257391940e+02
-1.422132659293180836e+02
-1.422122697361766370e+02
-1.422112745405787564e+02
-1.422102803368135824e+02
-1.422092871171131208e+02
-1.422082948744918554e+02
-1.422073036032504376e+02
-1.422063132977307873e+02
-1.422053237730401918e+02
-1.422043352075930613e+02
-1.422033475933374689e+02
-1.422023609245962348e+02
-1.422013751957150873e+02
-1.422003904010638564e+02
-1.421994065350370420e+02
-1.421984235920541266e+02
-1.421974415665602294e+02
-1.421964604530261624e+02
-1.421954802459489429e+02
-1.421945009398519915e+02
-1.421935225292854454e+02
-1.421925450088263858e+02
-1.421915683727656301e+02
-1.421905926168044232e+02
-1.421896177361213631e+02
-1.421886437254495661e+02
-1.421876705795505416e+02
-1.421866982932142491e+02
-1.421857268612594112e+02
-1.421847562785335697e+02
-1.421837865399131431e+02
-1.421828176403036821e+02
-1.421818495746399265e+02
-1.421808823377476756e+02
-1.421799159258026464e+02
-1.421789503336969744e+02
-1.421779855564697641e+02
-1.421770215891889961e+02
-1.421760584269516698e+02
-1.421750960648838031e+02
-1.421741344981402335e+02
-1.421731737219047602e+02
-1.421722137313900873e+02
-1.421712545218423713e+02
-1.421702960916807967e+02
-1.421693384370848605e+02
-1.421683815547514769e+02
-1.421674254397541688e+02
-1.421664700874930816e+02
-1.421655154933939684e+02
-1.421645616529081906e+02
-1.421636085615129730e+02
-1.421626562147113759e+02
-1.421617046080321245e+02
-1.421607537370297223e+02
-1.421598035972841103e+02
-1.421588541844007523e+02
-1.421579054940104641e+02
-1.421569575217692147e+02
-1.421560102633580414e+02
-1.421550637144829068e+02
-1.421541178702909178e+02
-1.421531727273905119e+02
-1.421522282830311212e+02
-1.421512845341464697e+02
-1.421503414765751643e+02
-1.421493991061791462e+02
-1.421484574188430088e+02
-1.421475164104741680e+02
-1.421465760770023223e+02
-1.421456364143793110e+02
-1.421446974185788292e+02
-1.421437590855960025e+02
-1.421428214079566885e+02
-1.421418843890884318e+02
-1.421409480252131345e+02
-1.421400123125745267e+02
-1.421390772474365178e+02
-1.421381428260818041e+02
-1.421372090448116410e+02
-1.421362758999451898e+02
-1.421353433878193755e+02
-1.421344115047886589e+02
-1.421334802472247532e+02
-1.421325496111070095e+02
-1.421316195934949178e+02
-1.421306901907424276e+02
-1.421297613992491904e+02
-1.421288332154298075e+02
-1.421279056357134039e+02
-1.421269786565433719e+02
-1.421260522743771730e+02
-1.421251264856860246e+02
-1.421242012869546159e+02
-1.421232766746808807e+02
-1.421223526453756278e+02
-1.421214291955622571e+02
-1.421205063217766167e+02
-1.421195840196033942e+02
-1.421186622934641832e+02
-1.421177411421864463e+02
-1.421168205625423298e+02
-1.421159005512621434e+02
-1.421149811067448070e+02
-1.421140622263089881e+02
-1.421131439067825397e+02
-1.421122261450013582e+02
-1.421113089378093548e+02
-1.421103922820585126e+02
-1.421094761746086022e+02
-1.421085606123270964e+02
-1.421076455920889146e+02
-1.421067311107760247e+02
-1.421058171652773297e+02
-1.421049037524885534e+02
-1.421039908693119855e+02
-1.421030785126560545e+02
-1.421021667310932344e+02
-1.421012554735910669e+02
-1.421003447371579114e+02
-1.420994345188103694e+02
-1.420985248155711247e+02
-1.420976156244688298e+02
-1.420967069425374518e+02
-1.420957987667063662e+02
-1.420948910952078279e+02
-1.420939839249371346e+02
-1.420930772529252977e+02
-1.420921710762076486e+02
-1.420912653918233275e+02
-1.420903601968153396e+02
-1.420894554882303282e+02
-1.420885512631183190e+02
-1.420876475839874615e+02
-1.420867444511785607e+02
-1.420858417974254451e+02
-1.420849396198764225e+02
-1.420840379156829840e+02
-1.420831366820003439e+02
-1.420822359159872690e+02
-1.420813356148061644e+02
-1.420804357756229024e+02
-1.420795363956069366e+02
-1.420786374719309038e+02
-1.420777390017709649e+02
-1.420768409823065497e+02
-1.420759434108836388e+02
-1.420750462862002621e+02
-1.420741496053403239e+02
-1.420732533655400118e+02
-1.420723575640389527e+02
-1.420714621258245529e+02
-1.420705670456043777e+02
-1.420696723920173383e+02
-1.420687781621861063e+02
-1.420678843532886617e+02
-1.420669909625111700e+02
-1.420660979870437473e+02
-1.420652054240793802e+02
-1.420643132708136136e+02
-1.420634215244442089e+02
-1.420625301821715425e+02
-1.420616392411981792e+02
-1.420607486987291850e+02
-1.420598585519721837e+02
-1.420589687981374425e+02
-1.420580794344379285e+02
-1.420571904580123714e+02
-1.420563018652842118e+02
-1.420554136534946110e+02
-1.420545258198574743e+02
-1.420536383682097608e+02
-1.420527512969069051e+02
-1.420518645969315514e+02
-1.420509782655411186e+02
-1.420500922999988234e+02
-1.420492066975728278e+02
-1.420483214555364100e+02
-1.420474365711677365e+02
-1.420465520417502887e+02
-1.420456678645729767e+02
-1.420447840369303947e+02
-1.420439005561229351e+02
-1.420430174194570725e+02
-1.420421346242455911e+02
-1.420412521678077837e+02
-1.420403700474698496e+02
-1.420394882605648093e+02
-1.420386068044331296e+02
-1.420377256764227241e+02
-1.420368448738894358e+02
-1.420359643941970091e+02
-1.420350842347176297e+02
-1.420342043927226712e+02
-1.420333248674139952e+02
-1.420324456560435635e+02
-1.420315667544068390e+02
-1.420306881597903725e+02
-1.420298098696208626e+02
-1.420289318813338753e+02
-1.420280541938181216e+02
-1.420271768085998190e+02
-1.420262997231933184e+02
-1.420254229351324113e+02
-1.420245464419586199e+02
-1.420236702412219927e+02
-1.420227943304815597e+02
-1.420219187073059857e+02
-1.420210433692738832e+02
-1.420201683139742670e+02
-1.420192935390068385e+02
-1.420184190419826393e+02
-1.420175448205243072e+02
-1.420166708722663316e+02
-1.420157971948557645e+02
-1.420149237859521918e+02
-1.420140506432285576e+02
-1.420131777643711359e+02
-1.420123051470802125e+02
-1.420114327890701986e+02
-1.420105606880703419e+02
-1.420096888418247545e+02
-1.420088172476992270e+02
-1.420079459039029643e+02
-1.420070748084912680e+02
-1.420062039592814642e+02
-1.420053333541087568e+02
-1.420044629908265676e+02
-1.420035928673070202e+02
-1.420027229814412522e+02
-1.420018533311399267e+02
-1.420009839143335455e+02
-1.420001147289728749e+02
-1.419992457730294575e+02
-1.419983770444957827e+02
-1.419975085413859972e+02
-1.419966402617360188e+02
-1.419957722036041332e+02
-1.419949043650711928e+02
-1.419940367442412992e+02
-1.419931694800312130e+02
-1.419923024419625506e+02
-1.419914356276326259e+02
-1.419905690352858585e+02
-1.419897026632191910e+02
-1.419888365097642406e+02
-1.419879705732824391e+02
-1.419871048521629575e+02
-1.419862393448217119e+02
-1.419853740497013064e+02
-1.419845089652709760e+02
-1.419836440900267291e+02
-1.419827794224914896e+02
-1.419819149612156082e+02
-1.419810507041256074e+02
-1.419801866491410749e+02
-1.419793227948079277e+02
-1.419784591395667235e+02
-1.419775956822341811e+02
-1.419767324216113877e+02
-1.419758693564469922e+02
-1.419750064855202538e+02
-1.419741438076412408e+02
-1.419732813216512568e+02
-1.419724190264231254e+02
-1.419715569208615022e+02
-1.419706950039032165e+02
-1.419698332745175264e+02
-1.419689717317067164e+02
-1.419681103745059545e+02
-1.419672492019839751e+02
-1.419663882132431922e+02
-1.419655274074201259e+02
-1.419646667836856295e+02
-1.419638063412451174e+02
-1.419629460793390763e+02
-1.419620859972430935e+02
-1.419612260942683122e+02
-1.419603663697616867e+02
-1.419595068231061816e+02
-1.419586474537211132e+02
-1.419577882610623192e+02
-1.419569292450538285e+02
-1.419560704034816183e+02
-1.419552117372107318e+02
-1.419543532458458230e+02
-1.419534949283496985e+02
-1.419526367848051507e+02
-1.419517788164327214e+02
-1.419509210229419409e+02
-1.419500634041786498e+02
-1.419492059600286780e+02
-1.419483486904176459e+02
-1.419474915953106517e+02
-1.419466346747125556e+02
-1.419457779661956067e+02
-1.419449214706929183e+02
-1.419440651509944473e+02
-1.419432090068647767e+02
-1.419423530384886760e+02
-1.419414972465146718e+02
-1.419406416312302781e+02
-1.419397861929629414e+02
-1.419389309320810924e+02
-1.419380758489942309e+02
-1.419372209441532391e+02
-1.419363662180504662e+02
-1.419355116712197287e+02
-1.419346573042364525e+02
-1.419338031177177584e+02
-1.419329491123224898e+02
-1.419320952885753684e+02
-1.419312416452991954e+02
-1.419303881825126723e+02
-1.419295349010053826e+02
-1.419286818016076950e+02
-1.419278288851920706e+02
-1.419269761526721823e+02
-1.419261236050034825e+02
-1.419252712431828627e+02
-1.419244190682492501e+02
-1.419235670812828687e+02
-1.419227152834059211e+02
-1.419218636757819638e+02
-1.419210123710283256e+02
-1.419201612631495095e+02
-1.419193103534598208e+02
-1.419184596433229046e+02
-1.419176091341440724e+02
-1.419167588273697902e+02
-1.419159087244875082e+02
-1.419150588267272042e+02
-1.419142091354562467e+02
-1.419133596525753092e+02
-1.419125103799097758e+02
-1.419116613191490330e+02
-1.419108124724478159e+02
-1.419099638446090808e+02
-1.419091154377144619e+02
-1.419082672536870575e+02
-1.419074192944886192e+02
-1.419065715621193817e+02
-1.419057240586177215e+02
-1.419048767860604414e+02
-1.419040297590694308e+02
-1.419031829809167959e+02
-1.419023364413306467e+02
-1.419014901425536550e+02
-1.419006440874710790e+02
-1.418997982784648286e+02
-1.418989527179483332e+02
-1.418981074083671103e+02
-1.418972623521989362e+02
-1.418964175519543858e+02
-1.418955730101767756e+02
-1.418947287294424200e+02
-1.418938847123606024e+02
-1.418930409615733197e+02
-1.418921976342658127e+02
-1.418913545807660910e+02
-1.418905118037951354e+02
-1.418896693055508536e+02
-1.418888270894155426e+02
-1.418879851582348692e+02
-1.418871435146373869e+02
-1.418863021615425168e+02
-1.418854611021442054e+02
-1.418846203394188876e+02
-1.418837798763747458e+02
-1.418829397160512542e+02
-1.418820998615189524e+02
-1.418812603158790466e+02
-1.418804210822629841e+02
-1.418795821638321399e+02
-1.418787435637777037e+02
-1.418779052853197129e+02
-1.418770673317073943e+02
-1.418762297062181972e+02
-1.418753924121578791e+02
-1.418745554528595960e+02
-1.418737188316838456e+02
-1.418728825520178987e+02
-1.418720466172757710e+02
-1.418712110308969159e+02
-1.418703757963468206e+02
-1.418695409171157564e+02
-1.418687063967189204e+02
-1.418678722386954973e+02
-1.418670384466086034e+02
-1.418662050240446604e+02
-1.418653719746127138e+02
-1.418645393019444043e+02
-1.418637070096931438e+02
-1.418628751015337741e+02
-1.418620435811621689e+02
-1.418612124522944100e+02
-1.418603817181322029e+02
-1.418595513824164698e+02
-1.418587216258392516e+02
-1.418578924554165610e+02
-1.418570636987876981e+02
-1.418562353605236126e+02
-1.418554074444460014e+02
-1.418545799543877592e+02
-1.418537528941975268e+02
-1.418529262677384395e+02
-1.418521000788880713e+02
-1.418512743315379510e+02
-1.418504490295926246e+02
-1.418496241769695700e+02
-1.418487997775984297e+02
-1.418479758354206410e+02
-1.418471523543885269e+02
-1.418463293384653525e+02
-1.418455067916241319e+02
-1.418446847178475707e+02
-1.418438631211272707e+02
-1.418430420054632464e+02
-1.418422213748634135e+02
-1.418414012333429355e+02
-1.418405815849236546e+02
-1.418397624336336662e+02
-1.418389437835067213e+02
-1.418381256385813458e+02
-1.418373080029008122e+02
-1.418364908805121729e+02
-1.418356742754657773e+02
-1.418348581918147318e+02
-1.418340426336143594e+02
-1.418332276049214329e+02
-1.418324131097939755e+02
-1.418315991522900674e+02
-1.418307857364679876e+02
-1.418299728663850487e+02
-1.418291605460973130e+02
-1.418283487796588531e+02
-1.418275375711213258e+02
-1.418267269245332614e+02
-1.418259168439394386e+02
-1.418251073333804300e+02
-1.418242983968918622e+02
-1.418234900385040476e+02
-1.418226822622410168e+02
-1.418218750721203776e+02
-1.418210684721522625e+02
-1.418202624663393294e+02
-1.418194570586754253e+02
-1.418186522531455580e+02
-1.418178480537251005e+02
-1.418170444213117491e+02
-1.418162414022376936e+02
-1.418154390004403069e+02
-1.418146372198635277e+02
-1.418138360644396414e+02
-1.418130355380884282e+02
-1.418122356447164236e+02
-1.418114363882163786e+02
-1.418106377724670040e+02
-1.418098398013319184e+02
-1.418090424786594212e+02
-1.418082458082818107e+02
-1.418074497940148149e+02
-1.418066544396568247e+02
-1.418058597489888939e+02
-1.418050657257734315e+02
-1.418042723737540598e+02
-1.418034796966550743e+02
-1.418026876981807334e+02
-1.418018963820146894e+02
-1.418011057518194775e+02
-1.418003158112360325e+02
-1.417995265636413933e+02
-1.417987380126482435e+02
-1.417979501621096858e+02
-1.417971630155744833e+02
-1.417963765765670701e+02
-1.417955908485868406e+02
-1.417948058351075815e+02
-1.417940215395769883e+02
-1.417932379654162673e+02
-1.417924551160192834e+02
-1.417916729947524743e+02
-1.417908916049537993e+02
-1.417901109499328243e+02
-1.417893310329695851e+02
-1.417885518573146157e+02
-1.417877734261880107e+02
-1.417869957427793395e+02
-1.417862188102466519e+02
-1.417854426317164780e+02
-1.417846672102831178e+02
-1.417838925490079589e+02
-1.417831186509193913e+02
-1.417823455190120399e+02
-1.417815731562464521e+02
-1.417808015655485292e+02
-1.417800307498090433e+02
-1.417792607118834098e+02
-1.417784914545908634e+02
-1.417777229807144010e+02
-1.417769552930000998e+02
-1.417761883941566623e+02
-1.417754222868552176e+02
-1.417746569737286961e+02
-1.417738924573714883e+02
-1.417731287403389047e+02
-1.417723658251470624e+02
-1.417716037142722030e+02
-1.417708424101504363e+02
-1.417700819151772862e+02
-1.417693222317074628e+02
-1.417685633620541807e+02
-1.417678053084891872e+02
-1.417670480732421368e+02
-1.417662916585002790e+02
-1.417655360664081172e+02
-1.417647812990671241e+02
-1.417640273585354294e+02
-1.417632742468273932e+02
-1.417625219659132370e+02
-1.417617705177190146e+02
-1.417610199041259023e+02
-1.417602700415630181e+02
-1.417595209303791819e+02
-1.417587726573040641e+02
-1.417580252240825018e+02
-1.417572786324147955e+02
-1.417565328839562824e+02
-1.417557879803171659e+02
-1.417550439230226971e+02
-1.417543007146185801e+02
-1.417535583565052093e+02
-1.417528168501215760e+02
-1.417520761968622764e+02
-1.417513363980765178e+02
-1.417505974550678047e+02
-1.417498593690930875e+02
-1.417491221413628182e+02
-1.417483857730402974e+02
-1.417476502652416741e+02
-1.417469156190354624e+02
-1.417461818354427976e+02
-1.417454489154366399e+02
-1.417447168599419740e+02
-1.417439856696655625e+02
-1.417432553454323170e+02
-1.417425258881895900e+02
-1.417417972986685299e+02
-1.417410695775517979e+02
-1.417403427243368412e+02
-1.417396167395123143e+02
-1.417388916234305043e+02
-1.417381673765285939e+02
-1.417374439991942552e+02
-1.417367214917653371e+02
-1.417359998545300641e+02
-1.417352790877264113e+02
-1.417345591915424450e+02
-1.417338401661161242e+02
-1.417331220115350732e+02
-1.417324047278368369e+02
-1.417316883150084834e+02
-1.417309727729869735e+02
-1.417302581013418319e+02
-1.417295442999429156e+02
